longitude,latitude,housing_median_age,total_rooms,total_bedrooms,population,households,median_income,median_house_value,ocean_proximity
-122.23,37.88,41,880,129,322,126,8.3252,452600,NEAR BAY
-122.22,37.86,21,7099,1106,2401,1138,8.3014,358500,NEAR BAY
-122.24,37.85,52,1467,190,496,177,7.2574,352100,NEAR BAY
-122.25,37.85,52,1274,235,558,219,5.6431,341300,NEAR BAY
-122.25,37.85,52,1627,280,565,259,3.8462,342200,NEAR BAY
-122.25,37.84,52,919,213,413,193,4.0368,269700,NEAR BAY
-122.25,37.84,52,2535,489,1094,514,3.6591,299200,NEAR BAY
-122.25,37.84,52,3104,687,1157,647,3.1200,241400,NEAR BAY
-122.26,37.84,42,2555,665,1206,595,2.0804,226700,NEAR BAY
-122.26,37.84,52,3549,707,1551,714,3.6912,261100,NEAR BAY
-118.48,34.02,29,4583,648,1762,639,6.0200,500001,NEAR OCEAN
-118.49,34.02,31,3500,550,1500,520,5.5000,420000,NEAR OCEAN
-118.50,34.01,25,2800,450,1300,410,4.8000,390000,NEAR OCEAN
-118.51,34.01,30,3200,600,1400,500,5.1000,410000,NEAR OCEAN
-118.52,34.00,27,3000,500,1200,480,4.9000,395000,NEAR OCEAN
-121.89,37.33,15,2200,300,900,290,6.2000,350000,INLAND
-121.90,37.32,18,2400,320,
